
# Win request 20,20
0000   e6 a0 35 16 30 0c 00 23 57 8c 04 70 08 00 45 00
0010   00 a8 1c b7 40 00 80 06 00 00 0a 0a 0a 2b 0a 0a
0020   0a 0d c4 a1 12 e8 8f 17 a1 21 e7 23 27 45 50 18
0030   00 fc 28 e6 00 00 4d 53 47 46 80 00 00 00 ea ac
0040   ec 77 01 00 00 00 8c 00 00 00 5a 00 00 00 01 00
0050   c8 02 02 00 00 5a 60 e9 77 5e a8 6f 31 d2 8f d4
0060   01 99 42 0f 00 00 00 00 00 ff ff ff ff 10 27 00
0070   00 00 00 00 01 00 00 00 03 04 00 06 00 00 00 72
0080   66 72 33 31 30 03 04 00 0b 00 00 00 72 66 72 33
0090   31 30 2e 53 63 61 6e 01 00 00 00 16 01 03 97 13
00a0   01 11 00 00 00 00 00 00 00 00 00 00 00 00 00 34
00b0   40 14 00 00 00 00


# Win request 10,10
0000   e6 a0 35 16 30 0c 00 23 57 8c 04 70 08 00 45 00
0010   00 a8 1c 30 40 00 80 06 00 00 0a 0a 0a 2b 0a 0a
0020   0a 0d c4 67 12 e8 78 65 ac ed 5d ef 52 64 50 18
0030   01 00 28 e6 00 00 4d 53 47 46 80 00 00 00 e8 ac
0040   ec 77 01 00 00 00 e5 00 00 00 b3 00 00 00 01 00
0050   c8 02 02 00 00 59 60 e9 77 86 5c 30 19 d2 8f d4
0060   01 f2 42 0f 00 00 00 00 00 ff ff ff ff 10 27 00
0070   00 00 00 00 01 00 00 00 03 04 00 06 00 00 00 72
0080   66 72 33 31 30 03 04 00 0b 00 00 00 72 66 72 33
0090   31 30 2e 53 63 61 6e 01 00 00 00 16 01 03 97 13
00a0   01 11 00 00 00 00 00 00 00 00 00 00 00 00 00 24
00b0   40 0a 00 00 00 00

# Pi request
0000   e6 a0 35 16 30 0c b8 27 eb 0e 76 c5 08 00 45 00
0010   00 9e 1d 01 40 00 40 06 f5 2d 0a 0a 0a 0b 0a 0a
0020   0a 0d c2 88 12 e8 5d 30 1d 7a 00 17 3f 49 80 18
0030   01 b9 28 bc 00 00 01 01 08 0a 49 fb b1 fb 00 13
0040   22 11 4d 53 47 46 6a 00 00 00 f1 ac ec 77 01 00
0050   00 00 06 00 00 00 06 00 00 00 01 00 c8 02 02 00
0060   00 61 60 e9 77 40 27 d3 d1 d8 8f d4 01 06 00 00
0070   00 00 00 00 00 ff ff ff ff e8 03 00 00 00 00 00
0080   01 00 00 00 03 04 00 06 00 00 00 72 66 72 33 31
0090   30 03 04 00 0b 00 00 00 72 66 72 33 31 30 2e 53
00a0   63 61 6e 01 00 00 00 0c 00 00 00 00

0000   01 00 00 00 0c 00 00 00 00



# PI Request with replace
0000   e6 a0 35 16 30 0c b8 27 eb 0e 76 c5 08 00 45 00
0010   00 af 0b 91 40 00 40 06 06 8d 0a 0a 0a 0b 0a 0a
0020   0a 0d d3 96 12 e8 ea 53 c6 26 4f 80 4e f7 80 18
0030   01 b9 28 cd 00 00 01 01 08 0a 59 d9 dc 3f 00 01
0040   b7 07 4d 53 47 46 7b 00 00 00 f8 af 80 ce 01 00
0050   00 00 06 00 00 00 06 00 00 00 01 00 c8 02 02 00
0060   00 44 8c 6f ce 70 9f 62 d5 e5 92 d4 01 06 00 00
0070   00 00 00 00 00 ff ff ff ff e8 03 00 00 00 00 00
0080   01 00 00 00 03 04 00 06 00 00 00 72 66 72 33 31
0090   30 03 04 00 0b 00 00 00 72 66 72 33 31 30 2e 53
00a0   63 61 6e 01 00 00 00 01 11 00 00 00 00 00 00 00
00b0   00 00 00 00 00 00 24 40 0a 00 00 00 00

0000   e6 a0 35 16 30 0c 00 23 57 8c 04 70 08 00 45 00
0010   00 a8 1c b7 40 00 80 06 00 00 0a 0a 0a 2b 0a 0a
0020   0a 0d c4 a1 12 e8 8f 17 a1 21 e7 23 27 45 50 18
0030   00 fc 28 e6 00 00 4d 53 47 46 80 00 00 00 ea ac
0040   ec 77 01 00 00 00 8c 00 00 00 5a 00 00 00 01 00
0050   c8 02 02 00 00 5a 60 e9 77 5e a8 6f 31 d2 8f d4
0060   01 99 42 0f 00 00 00 00 00 ff ff ff ff 10 27 00
0070   00 00 00 00 01 00 00 00 03 04 00 06 00 00 00 72
0080   66 72 33 31 30 03 04 00 0b 00 00 00 72 66 72 33
0090   31 30 2e 53 63 61 6e 01 00 00 00 16 01 03 97 13
00a0   01 11 00 00 00 00 00 00 00 00 00 00 00 00 00 34
00b0   40 14 00 00 00 00


## Pi
0000   02 00 00 44 8c 6f ce 70 9f 62 d5 e5 92 d4 01 06
0010   00 00 00 00 00 00 00 ff ff ff ff e8 03 00 00 00
0020   00 00 01 00 00 00 03 04 00 06 00 00 00 72 66 72
0030   33 31 30 03 04 00 0b 00 00 00 72 66 72 33 31 30
0040   2e 53 63 61 6e 01 00 00 00 01 11

## Win
0000   02 00 00 5a 60 e9 77 5e a8 6f 31 d2 8f d4 01 99
0010   42 0f 00 00 00 00 00 ff ff ff ff 10 27 00 00 00
0020   00 00 01 00 00 00 03 04 00 06 00 00 00 72 66 72
0030   33 31 30 03 04 00 0b 00 00 00 72 66 72 33 31 30
0040   2e 53 63 61 6e 01 00 00 00 16 01 03 97 13 01 11
0050   00 00 00 00 00 00 00 00 00 00 00 00 00 34 40 14
0060   00 00 00 00

###Win
0000   01 00 00 00 16 01 03 97 13 01 11 00 00 00 00 00
0010   00 00 00 00 00 00 00 00 34 40 14 00 00 00 00

